queue_type n_threads config batch_size time_limit total_values throughput enq_count deq_count failed_deq_count duration_ns freelist_pushes freelist_pops freelist_max_size malloc_count reused_count successful_CAS_ops failed_CAS_ops
4 1 a 1 0.25 20000 8.376525458032667 20000.0 20001.0 1.0 4775369.0 20000.0 19999.0 1.0 1.0 19999.0 1.0 0.0
4 8 a 1 0.25 20000 1.2846917631647872 20000.0 20008.0 8.0 31142100.5 20000.0 19992.0 8.0 8.0 19992.0 8.0 0.0
4 20 a 1 0.25 20000 1.3473390835848666 20000.0 20020.0 20.0 29702990.5 20000.0 19980.0 20.0 20.0 19980.0 20.0 0.0
4 64 a 1 0.25 20000 1.8643302788777787 20000.0 20064.0 64.0 21489754.5 20000.0 19968.0 32.0 32.0 19968.0 32.0 0.0
4 1 b 1 0.25 20000 6.302663678993994 20000.0 0.0 0.0 3173261.5 0.0 0.0 0.0 20000.0 0.0 0.0 0.0
4 8 b 1 0.25 20000 0.8376720964350547 20000.0 20154.0 154.0 47935224.5 20000.0 13086.0 6914.0 6914.0 13086.0 6914.0 0.0
4 20 b 1 0.25 20000 0.9844964281441324 20000.0 20365.5 365.5 41001164.5 20000.0 14225.5 5774.5 5774.5 14225.5 5774.5 0.0
4 64 b 1 0.25 20000 0.9926493705676486 20000.0 21195.0 1195.0 41500051.5 20000.0 16823.5 3176.5 3176.5 16823.5 3176.5 0.0
4 1 c 1 0.25 20000 7.46775288526816 0.0 11.0 11.0 1473.0 0.0 0.0 0.0 0.0 0.0 0.0 0.0
4 8 c 1 0.25 20000 1.1610708199744684 20000.0 20074.0 74.0 34514690.5 20000.0 12747.5 7252.5 7252.5 12747.5 7252.5 0.0
4 20 c 1 0.25 20000 0.9115766141496506 20000.0 20133.0 133.0 44025921.0 20000.0 9926.5 10073.5 10073.5 9926.5 10073.5 0.0
4 64 c 1 0.25 20000 1.0497438550331624 20000.0 20352.0 352.0 38439853.5 20000.0 7457.0 12543.0 12543.0 7457.0 12543.0 0.0
4 1 d 1 0.25 20000 6.88390433025118 20000.0 0.0 0.0 2905328.0 0.0 0.0 0.0 20000.0 0.0 0.0 0.0
4 8 d 1 0.25 20000 1.2842464176109185 20000.0 20082.5 82.5 31210910.5 20000.0 17017.0 2983.0 2983.0 17017.0 2983.0 0.0
4 20 d 1 0.25 20000 0.9198833055255747 20000.0 20175.5 175.5 43674561.5 20000.0 17121.0 2879.0 2879.0 17121.0 2879.0 0.0
4 64 d 1 0.25 20000 1.0581269380837224 20000.0 20418.0 418.0 38197685.5 20000.0 17852.5 2147.5 2147.5 17852.5 2147.5 0.0
4 1 a 1 1 20000 8.47910852881606 20000.0 20001.0 1.0 4717595.0 20000.0 19999.0 1.0 1.0 19999.0 1.0 0.0
4 8 a 1 1 20000 1.2799104037124311 20000.0 20008.0 8.0 31258438.0 20000.0 19992.0 8.0 8.0 19992.0 8.0 0.0
4 20 a 1 1 20000 1.4338893954259035 20000.0 20020.0 20.0 27910102.5 20000.0 19980.5 19.5 19.5 19980.5 19.5 0.0
4 64 a 1 1 20000 1.3242222322151465 20000.0 20064.0 64.0 30254740.5 20000.0 19950.0 50.0 50.0 19950.0 50.0 0.0
4 1 b 1 1 20000 6.547343513579518 20000.0 0.0 0.0 3054674.0 0.0 0.0 0.0 20000.0 0.0 0.0 0.0
4 8 b 1 1 20000 1.0009803916311464 20000.0 20134.0 134.0 40094691.5 20000.0 16338.5 3661.5 3661.5 16338.5 3661.5 0.0
4 20 b 1 1 20000 1.0602941151584226 20000.0 20412.5 412.5 38114424.5 20000.0 18380.0 1620.0 1620.0 18380.0 1620.0 0.0
4 64 b 1 1 20000 0.9062356257684916 20000.0 21231.0 1231.0 45496997.5 20000.0 12880.5 7119.5 7119.5 12880.5 7119.5 0.0
4 1 c 1 1 20000 5.934718100890208 0.0 11.0 11.0 1853.5 0.0 0.0 0.0 0.0 0.0 0.0 0.0
4 8 c 1 1 20000 1.2571448789994133 20000.0 20078.0 78.0 31880176.0 20000.0 15882.5 4117.5 4117.5 15882.5 4117.5 0.0
4 20 c 1 1 20000 1.2186619245397554 20000.0 20137.5 137.5 32935713.5 20000.0 13804.0 6196.0 6196.0 13804.0 6196.0 0.0
4 64 c 1 1 20000 1.5078547952403658 20000.0 20354.5 354.5 26762855.5 20000.0 14889.0 5111.0 5111.0 14889.0 5111.0 0.0
4 1 d 1 1 20000 6.973007140707963 20000.0 0.0 0.0 2868203.0 0.0 0.0 0.0 20000.0 0.0 0.0 0.0
4 8 d 1 1 20000 1.2922280038430405 20000.0 20061.0 61.0 31001495.0 20000.0 14598.0 5402.0 5402.0 14598.0 5402.0 0.0
4 20 d 1 1 20000 1.1760670968437597 20000.0 20137.5 137.5 34128580.0 20000.0 14734.5 5265.5 5265.5 14734.5 5265.5 0.0
4 64 d 1 1 20000 0.8317553718601316 20000.0 22229.0 2229.0 50770937.5 20000.0 15816.0 4184.0 4184.0 15816.0 4184.0 0.0
4 1 a 1000 0.25 20000 11.767317652856379 20000.0 21000.0 1000.0 3484226.5 20000.0 19000.0 1000.0 1000.0 19000.0 1000.0 0.0
4 8 a 1000 0.25 20000 1.4746557864328416 20000.0 24000.0 4000.0 29837471.5 20000.0 15159.5 4840.5 4840.5 15159.5 4840.5 0.0
4 20 a 1000 0.25 20000 1.6020087694761047 20000.0 40000.0 20000.0 37452978.5 20000.0 14004.5 5995.5 5995.5 14004.5 5995.5 0.0
4 64 a 1000 0.25 20000 1.2202137471663077 20000.0 64000.0 44000.0 68840398.0 20000.0 14917.0 5083.0 5083.0 14917.0 5083.0 0.0
4 1 b 1000 0.25 20000 14.032625855113139 20000.0 0.0 0.0 1425250.0 0.0 0.0 0.0 20000.0 0.0 0.0 0.0
4 8 b 1000 0.25 20000 1.043077470453688 20000.0 24500.0 4500.0 42662219.5 20000.0 10026.0 9974.0 9974.0 10026.0 9974.0 0.0
4 20 b 1000 0.25 20000 1.5648608223419587 20000.0 31500.0 11500.0 32910275.0 20000.0 8656.0 11344.0 11344.0 8656.0 11344.0 0.0
4 64 b 1000 0.25 20000 1.295865731611049 20000.0 72500.0 52500.0 71380852.0 20000.0 8632.0 11368.0 11368.0 8632.0 11368.0 0.0
4 1 c 1000 0.25 20000 15.761931782359246 0.0 1000.0 1000.0 63444.0 0.0 0.0 0.0 0.0 0.0 0.0 0.0
4 8 c 1000 0.25 20000 1.5472487914166646 20000.0 22500.0 2500.0 27468110.0 20000.0 17257.0 2743.0 2743.0 17257.0 2743.0 0.0
4 20 c 1000 0.25 20000 1.2285022346455647 20000.0 25000.0 5000.0 36629970.0 20000.0 15209.0 4791.0 4791.0 15209.0 4791.0 0.0
4 64 c 1000 0.25 20000 2.0822537107441685 20000.0 43500.0 23500.0 30495803.5 20000.0 15417.5 4582.5 4582.5 15417.5 4582.5 0.0
4 1 d 1000 0.25 20000 13.093101114091972 20000.0 0.0 0.0 1527522.0 0.0 0.0 0.0 20000.0 0.0 0.0 0.0
4 8 d 1000 0.25 20000 1.2822324228221251 20000.0 22000.0 2000.0 32755372.0 20000.0 16863.0 3137.0 3137.0 16863.0 3137.0 0.0
4 20 d 1000 0.25 20000 1.468114149779361 20000.0 25500.0 5500.0 30992140.5 20000.0 13371.5 6628.5 6628.5 13371.5 6628.5 0.0
4 64 d 1000 0.25 20000 1.3574440893383275 20000.0 40000.0 20000.0 44200715.5 20000.0 16105.5 3894.5 3894.5 16105.5 3894.5 0.0
4 1 a 1000 1 20000 11.373129206930896 20000.0 21000.0 1000.0 3604988.5 20000.0 19000.0 1000.0 1000.0 19000.0 1000.0 0.0
4 8 a 1000 1 20000 1.838149246063243 20000.0 24000.0 4000.0 23937120.5 20000.0 16124.0 3876.0 3876.0 16124.0 3876.0 0.0
4 20 a 1000 1 20000 1.6106215552328167 20000.0 40000.0 20000.0 37252699.0 20000.0 15947.5 4052.5 4052.5 15947.5 4052.5 0.0
4 64 a 1000 1 20000 1.1610851128258541 20000.0 64000.0 44000.0 72346117.5 20000.0 13066.5 6933.5 6933.5 13066.5 6933.5 0.0
4 1 b 1000 1 20000 14.33024552367912 20000.0 0.0 0.0 1395649.5 0.0 0.0 0.0 20000.0 0.0 0.0 0.0
4 8 b 1000 1 20000 1.041311267426921 20000.0 24000.0 4000.0 42254416.5 20000.0 11626.0 8374.0 8374.0 11626.0 8374.0 0.0
4 20 b 1000 1 20000 1.1061483051392706 20000.0 34500.0 14500.0 49270066.0 20000.0 13869.5 6130.5 6130.5 13869.5 6130.5 0.0
4 64 b 1000 1 20000 1.2565711115976872 20000.0 71500.0 51500.0 72817208.0 20000.0 9658.5 10341.5 10341.5 9658.5 10341.5 0.0
4 1 c 1000 1 20000 15.727103303478048 0.0 1000.0 1000.0 63584.5 0.0 0.0 0.0 0.0 0.0 0.0 0.0
4 8 c 1000 1 20000 1.552696207981291 20000.0 22000.0 2000.0 27049721.5 20000.0 15014.5 4985.5 4985.5 15014.5 4985.5 0.0
4 20 c 1000 1 20000 1.110537763063 20000.0 24500.0 4500.0 40070677.0 20000.0 10844.5 9155.5 9155.5 10844.5 9155.5 0.0
4 64 c 1000 1 20000 1.955372320270867 20000.0 43000.0 23000.0 32218928.0 20000.0 9792.5 10207.5 10207.5 9792.5 10207.5 0.0
4 1 d 1000 1 20000 13.680087060074051 20000.0 0.0 0.0 1461979.0 0.0 0.0 0.0 20000.0 0.0 0.0 0.0
4 8 d 1000 1 20000 1.6510253634054237 20000.0 22000.0 2000.0 25438737.0 20000.0 10581.0 9419.0 9419.0 10581.0 9419.0 0.0
4 20 d 1000 1 20000 1.241150748601438 20000.0 25500.0 5500.0 36659527.5 20000.0 15598.0 4402.0 4402.0 15598.0 4402.0 0.0
4 64 d 1000 1 20000 1.2549216641416963 20000.0 44500.0 24500.0 51397630.5 20000.0 15541.5 4458.5 4458.5 15541.5 4458.5 0.0
