queue_type n_threads config batch_size time_limit total_values throughput enq_count deq_count failed_deq_count duration_ns freelist_pushes freelist_pops freelist_max_size malloc_count reused_count successful_CAS_ops failed_CAS_ops
1 1 a 1 1 100000 11.755652277444044 100000.0 100001.0 1.0 17013177.6 100000.0 99999.0 1.0 1.0 99999.0 0.0 0.0
1 2 a 1 1 100000 3.193480092735563 100000.0 100002.0 2.0 62628228.2 100000.0 99997.5 1.5 2.5 99997.5 0.0 0.0
1 8 a 1 1 100000 1.6891721540558213 100000.0 100008.0 8.0 118405930.1 100000.0 99986.6 2.0 13.4 99986.6 0.0 0.0
1 10 a 1 1 100000 1.6739471609276158 100000.0 100010.0 10.0 119484058.2 100000.0 99982.5 2.0 17.5 99982.5 0.0 0.0
1 20 a 1 1 100000 1.6178867149008669 100000.0 100020.0 20.0 123630411.3 100000.0 99963.4 2.0 36.6 99963.4 0.0 0.0
1 32 a 1 1 100000 1.7526920192648991 100000.0 100032.0 32.0 114128436.6 100000.0 99938.5 2.0 61.5 99938.5 0.0 0.0
1 45 a 1 1 100000 1.8083026075711852 100000.0 100045.0 45.0 110625842.8 100000.0 99912.3 2.0 87.7 99912.3 0.0 0.0
1 64 a 1 1 100000 1.8430366943553855 100000.0 100064.0 64.0 108551284.2 100000.0 99875.1 2.0 124.9 99875.1 0.0 0.0
1 1 b 1 1 100000 8.247568721897284 100000.0 0.0 0.0 12124785.3 0.0 0.0 0.0 100000.0 0.0 0.0 0.0
1 2 b 1 1 100000 6.139549314002473 100000.0 102298.7 2298.7 32950089.6 100000.0 0.0 100000.0 100000.0 0.0 0.0 0.0
1 8 b 1 1 100000 1.5977184251458563 100000.0 563355.8 463355.8 415189428.6 100000.0 0.0 37919.0 100000.0 0.0 0.0 0.0
1 10 b 1 1 100000 1.7766214026409002 100000.0 803152.3 703152.3 508353833.1 100000.0 0.0 27771.6 100000.0 0.0 0.0 0.0
1 20 b 1 1 100000 1.527324256509786 91907.2 888957.8 797050.6 642211367.9 91907.2 0.0 39079.0 91907.2 0.0 0.0 0.0
1 32 b 1 1 100000 1.6017280628452482 38489.1 1520964.7 1482475.6 973607091.1 38489.1 0.0 14948.2 38489.1 0.0 0.0 0.0
1 45 b 1 1 100000 1.3780650479564447 23535.4 1300156.0 1276620.6 960543482.3 23535.4 0.0 9485.8 23535.4 0.0 0.0 0.0
1 64 b 1 1 100000 1.2215426686701258 3940.9 1218425.3 1214484.4 1000674173.2 3940.9 0.0 1095.8 3940.9 0.0 0.0 0.0
1 1 c 1 1 100000 8.143925372029319 0.0 11.0 11.0 1350.7 0.0 0.0 0.0 0.0 0.0 0.0 0.0
1 2 c 1 1 100000 3.6374740111390444 100000.0 124396.6 24396.6 61690227.7 100000.0 0.0 100000.0 100000.0 0.0 0.0 0.0
1 8 c 1 1 100000 1.8605421607428343 100000.0 170456.9 70456.9 145364564.0 100000.0 0.0 34886.5 100000.0 0.0 0.0 0.0
1 10 c 1 1 100000 1.4167744792837194 100000.0 145434.9 45434.9 173234981.0 100000.0 0.0 35629.7 100000.0 0.0 0.0 0.0
1 20 c 1 1 100000 1.7352204354002219 100000.0 405737.9 305737.9 291454555.1 100000.0 0.0 25228.3 100000.0 0.0 0.0 0.0
1 32 c 1 1 100000 1.657339994725997 100000.0 563522.0 463522.0 400353579.9 100000.0 0.0 25444.1 100000.0 0.0 0.0 0.0
1 45 c 1 1 100000 1.6599257893038213 91506.7 1030039.9 938533.2 675660687.5 91506.7 0.0 17008.0 91506.7 0.0 0.0 0.0
1 64 c 1 1 100000 1.5597534532623933 68437.0 1183441.9 1115004.9 802613321.6 68437.0 0.0 11429.4 68437.0 0.0 0.0 0.0
1 1 d 1 1 100000 8.150029990072857 100000.0 0.0 0.0 12269893.5 0.0 0.0 0.0 100000.0 0.0 0.0 0.0
1 2 d 1 1 100000 3.944930613871497 100000.0 126881.9 26881.9 57512266.3 100000.0 0.0 100000.0 100000.0 0.0 0.0 0.0
1 8 d 1 1 100000 1.773703902241558 100000.0 205433.5 105433.5 172200951.7 100000.0 0.0 35730.9 100000.0 0.0 0.0 0.0
1 10 d 1 1 100000 1.5008163381469586 100000.0 160522.5 60522.5 173587196.1 100000.0 0.0 32724.3 100000.0 0.0 0.0 0.0
1 20 d 1 1 100000 1.7177662532253795 100000.0 396660.1 296660.1 289131364.1 100000.0 0.0 22500.9 100000.0 0.0 0.0 0.0
1 32 d 1 1 100000 1.7503446934603468 100000.0 608605.1 508605.1 404837460.1 100000.0 0.0 21414.6 100000.0 0.0 0.0 0.0
1 45 d 1 1 100000 1.8324693644017063 100000.0 604276.6 504276.6 384331991.4 100000.0 0.0 17930.3 100000.0 0.0 0.0 0.0
1 64 d 1 1 100000 1.5162390886303307 68856.4 1135832.3 1067588.9 794524233.7 68243.4 0.0 12018.0 68856.4 0.0 0.0 0.0
1 1 a 1 5 100000 11.62083863698494 100000.0 100001.0 1.0 17210547.9 100000.0 99999.0 1.0 1.0 99999.0 0.0 0.0
1 2 a 1 5 100000 2.590770123978121 100000.0 100002.0 2.0 77197895.0 100000.0 99997.7 1.3 2.3 99997.7 0.0 0.0
1 8 a 1 5 100000 1.4089276240167334 100000.0 100008.0 8.0 141957611.3 100000.0 99987.0 2.0 13.0 99987.0 0.0 0.0
1 10 a 1 5 100000 1.6948732938579512 100000.0 100010.0 10.0 118008821.5 100000.0 99983.6 2.0 16.4 99983.6 0.0 0.0
1 20 a 1 5 100000 1.6660134672809161 100000.0 100020.0 20.0 120059053.5 100000.0 99963.4 2.0 36.6 99963.4 0.0 0.0
1 32 a 1 5 100000 1.6999092640117441 100000.0 100032.0 32.0 117672163.0 100000.0 99938.4 2.0 61.6 99938.4 0.0 0.0
1 45 a 1 5 100000 1.7626647160260878 100000.0 100045.0 45.0 113490102.9 100000.0 99912.6 2.0 87.4 99912.6 0.0 0.0
1 64 a 1 5 100000 1.919058108968078 100000.0 100064.0 64.0 104251142.3 100000.0 99874.4 2.0 125.6 99874.4 0.0 0.0
1 1 b 1 5 100000 8.129204668530704 100000.0 0.0 0.0 12301326.4 0.0 0.0 0.0 100000.0 0.0 0.0 0.0
1 2 b 1 5 100000 3.489394919936033 100000.0 169787.4 69787.4 77316384.7 100000.0 0.0 100000.0 100000.0 0.0 0.0 0.0
1 8 b 1 5 100000 1.6462542728181957 100000.0 612186.3 512186.3 432610145.2 100000.0 0.0 36789.5 100000.0 0.0 0.0 0.0
1 10 b 1 5 100000 1.6532886249990064 100000.0 651874.8 551874.8 454775281.6 100000.0 0.0 40571.8 100000.0 0.0 0.0 0.0
1 20 b 1 5 100000 1.3810213469081074 100000.0 1132395.8 1032395.8 892379978.6 100000.0 0.0 44071.6 100000.0 0.0 0.0 0.0
1 32 b 1 5 100000 1.3720349516799681 100000.0 2336690.5 2236690.5 1775968241.2 100000.0 0.0 45823.1 100000.0 0.0 0.0 0.0
1 45 b 1 5 100000 1.2879421362819239 85530.5 2990864.5 2905334.0 2388612743.8 85530.5 0.0 37937.5 85530.5 0.0 0.0 0.0
1 64 b 1 5 100000 1.1249384794994932 18570.1 5163173.1 5144603.0 4606245847.6 18570.1 0.0 5214.9 18570.1 0.0 0.0 0.0
1 1 c 1 5 100000 7.743207095593412 0.0 11.0 11.0 1420.6 0.0 0.0 0.0 0.0 0.0 0.0 0.0
1 2 c 1 5 100000 3.4769720765110788 100000.0 107916.6 7916.6 59798179.4 100000.0 0.0 100000.0 100000.0 0.0 0.0 0.0
1 8 c 1 5 100000 1.745259516061132 100000.0 119828.1 19828.1 125957256.2 100000.0 0.0 34226.6 100000.0 0.0 0.0 0.0
1 10 c 1 5 100000 1.6242578428638423 100000.0 150094.1 50094.1 153974383.5 100000.0 0.0 30896.6 100000.0 0.0 0.0 0.0
1 20 c 1 5 100000 1.792935390961245 100000.0 344242.2 244242.2 247773680.1 100000.0 0.0 22027.7 100000.0 0.0 0.0 0.0
1 32 c 1 5 100000 1.7549545946437084 100000.0 473618.4 373618.4 326856547.6 100000.0 0.0 20569.3 100000.0 0.0 0.0 0.0
1 45 c 1 5 100000 1.690533041679926 100000.0 925204.7 825204.7 606438723.6 100000.0 0.0 17364.1 100000.0 0.0 0.0 0.0
1 64 c 1 5 100000 1.9070790354100364 100000.0 2368941.2 2268941.2 1294619234.0 100000.0 0.0 13889.6 100000.0 0.0 0.0 0.0
1 1 d 1 5 100000 8.109394433403505 100000.0 0.0 0.0 12331377.0 0.0 0.0 0.0 100000.0 0.0 0.0 0.0
1 2 d 1 5 100000 4.099384191840072 100000.0 118778.0 18778.0 53368503.6 100000.0 0.0 100000.0 100000.0 0.0 0.0 0.0
1 8 d 1 5 100000 1.6689890021345106 100000.0 155183.8 55183.8 152897232.8 100000.0 0.0 31792.7 100000.0 0.0 0.0 0.0
1 10 d 1 5 100000 1.461693386241194 100000.0 139906.8 39906.8 164129360.0 100000.0 0.0 31059.1 100000.0 0.0 0.0 0.0
1 20 d 1 5 100000 1.7335936313065918 100000.0 329913.7 229913.7 247989893.5 100000.0 0.0 21569.6 100000.0 0.0 0.0 0.0
1 32 d 1 5 100000 1.7886250214530401 100000.0 541736.7 441736.7 358787723.7 100000.0 0.0 21220.4 100000.0 0.0 0.0 0.0
1 45 d 1 5 100000 1.8658634210856806 100000.0 570016.7 470016.7 359092038.8 100000.0 0.0 16148.4 100000.0 0.0 0.0 0.0
1 64 d 1 5 100000 1.8278721255612682 99708.3 3121930.0 3022221.7 1762507483.4 99708.3 0.0 13574.2 99708.3 0.0 0.0 0.0
1 1 a 1000 1 100000 18.062807887749624 100000.0 101000.0 1000.0 11127838.0 100000.0 99000.0 1000.0 1000.0 99000.0 0.0 0.0
1 2 a 1000 1 100000 3.2344914485474283 100000.0 102000.0 2000.0 62451857.8 100000.0 97743.9 1457.7 2256.1 97743.9 0.0 0.0
1 8 a 1000 1 100000 1.5079702893691274 100000.0 104000.0 4000.0 135281179.9 100000.0 90171.7 1500.0 9828.3 90171.7 0.0 0.0
1 10 a 1000 1 100000 1.5139961656706136 100000.0 110000.0 10000.0 138705767.4 100000.0 85073.7 2000.0 14926.3 85073.7 0.0 0.0
1 20 a 1000 1 100000 1.6246963966768446 100000.0 120000.0 20000.0 135409914.4 100000.0 71942.5 2000.0 28057.5 71942.5 0.0 0.0
1 32 a 1000 1 100000 1.69123884522001 100000.0 128000.0 28000.0 134812419.1 100000.0 59751.7 1875.0 40248.3 59751.7 0.0 0.0
1 45 a 1000 1 100000 1.8400994527555974 100000.0 135000.0 35000.0 127710488.5 100000.0 48263.7 1778.0 51736.3 48263.7 0.0 0.0
1 64 a 1000 1 100000 1.8698205816121203 100000.0 128000.0 28000.0 121936833.0 100000.0 35052.4 1438.0 64947.6 35052.4 0.0 0.0
1 1 b 1000 1 100000 16.83186355256544 100000.0 0.0 0.0 5941112.8 0.0 0.0 0.0 100000.0 0.0 0.0 0.0
1 2 b 1000 1 100000 4.9521276527617655 100000.0 160600.0 60600.0 52623845.4 100000.0 0.0 100000.0 100000.0 0.0 0.0 0.0
1 8 b 1000 1 100000 2.4571649306445766 100000.0 917200.0 817200.0 413973025.3 100000.0 0.0 34180.3 100000.0 0.0 0.0 0.0
1 10 b 1000 1 100000 2.2825258167299025 100000.0 1096600.0 996600.0 524243796.6 100000.0 0.0 28089.3 100000.0 0.0 0.0 0.0
1 20 b 1000 1 100000 1.9709476876651937 74804.8 1705835.0 1631030.2 903443460.8 74804.8 0.0 26726.4 74804.8 0.0 0.0 0.0
1 32 b 1000 1 100000 1.3378391050472849 60892.3 1161740.3 1100848.0 913886128.3 60892.3 0.0 22056.7 60892.3 0.0 0.0 0.0
1 45 b 1000 1 100000 1.3002805574414735 9150.4 1291438.4 1282288.0 1000237058.5 9150.4 0.0 4419.1 9150.4 0.0 0.0 0.0
1 64 b 1000 1 100000 1.215343748066521 3652.0 1213074.2 1209422.2 1001137498.7 3652.0 0.0 1032.4 3652.0 0.0 0.0 0.0
1 1 c 1000 1 100000 17.14633539946675 0.0 1000.0 1000.0 58321.5 0.0 0.0 0.0 0.0 0.0 0.0 0.0
1 2 c 1000 1 100000 7.149563536176395 100000.0 126700.0 26700.0 31708229.3 100000.0 0.0 100000.0 100000.0 0.0 0.0 0.0
1 8 c 1000 1 100000 1.8506940668319318 100000.0 160800.0 60800.0 140920103.8 100000.0 0.0 36398.8 100000.0 0.0 0.0 0.0
1 10 c 1000 1 100000 1.8925097940395876 100000.0 273600.0 173600.0 197409810.6 100000.0 0.0 32007.6 100000.0 0.0 0.0 0.0
1 20 c 1000 1 100000 1.762058401493506 100000.0 316300.0 216300.0 236257776.5 100000.0 0.0 25553.9 100000.0 0.0 0.0 0.0
1 32 c 1000 1 100000 1.7575212263554454 100000.0 535500.0 435500.0 361588805.0 100000.0 0.0 23416.8 100000.0 0.0 0.0 0.0
1 45 c 1000 1 100000 2.23848629422609 93805.1 1179620.8 1085815.7 568878131.3 93805.1 0.0 18081.7 93805.1 0.0 0.0 0.0
1 64 c 1000 1 100000 1.3641926046161177 60676.7 1094554.6 1034317.0 846824191.9 60237.6 0.0 10471.0 60676.7 0.0 0.0 0.0
1 1 d 1000 1 100000 16.724691590415315 100000.0 0.0 0.0 5979183.5 0.0 0.0 0.0 100000.0 0.0 0.0 0.0
1 2 d 1000 1 100000 5.494563793428172 100000.0 168400.0 68400.0 48848281.7 100000.0 0.0 100000.0 100000.0 0.0 0.0 0.0
1 8 d 1000 1 100000 1.9225123995930269 100000.0 152900.0 52900.0 131546615.8 100000.0 0.0 31049.7 100000.0 0.0 0.0 0.0
1 10 d 1000 1 100000 2.279920616246184 100000.0 246200.0 146200.0 151847392.2 100000.0 0.0 28714.2 100000.0 0.0 0.0 0.0
1 20 d 1000 1 100000 2.111405649685664 100000.0 572000.0 472000.0 318271384.8 100000.0 0.0 25658.2 100000.0 0.0 0.0 0.0
1 32 d 1000 1 100000 1.9668934748014004 99665.4 721308.2 621853.8 417396066.7 99454.4 0.0 19650.0 99665.4 0.0 0.0 0.0
1 45 d 1000 1 100000 1.6794389369093885 96834.4 770803.6 673969.2 516623725.3 96834.4 0.0 17953.8 96834.4 0.0 0.0 0.0
1 64 d 1000 1 100000 1.4255978812384362 65791.7 1081293.1 1015501.4 804634192.5 65791.7 0.0 10910.2 65791.7 0.0 0.0 0.0
1 1 a 1000 5 100000 17.873186487351717 100000.0 101000.0 1000.0 11245896.2 100000.0 99000.0 1000.0 1000.0 99000.0 0.0 0.0
1 2 a 1000 5 100000 4.201637726000945 100000.0 102000.0 2000.0 48076491.4 100000.0 97842.5 1206.1 2157.5 97842.5 0.0 0.0
1 8 a 1000 5 100000 1.4764240878031198 100000.0 104000.0 4000.0 138171682.3 100000.0 90170.2 1500.0 9829.8 90170.2 0.0 0.0
1 10 a 1000 5 100000 1.406998987959698 100000.0 110000.0 10000.0 149253838.7 100000.0 86118.6 2000.0 13881.4 86118.6 0.0 0.0
1 20 a 1000 5 100000 1.6568490814904282 100000.0 120000.0 20000.0 132782160.1 100000.0 72448.6 2000.0 27551.4 72448.6 0.0 0.0
1 32 a 1000 5 100000 1.7311081468769276 100000.0 128000.0 28000.0 131707542.6 100000.0 60278.8 1875.0 39721.2 60278.8 0.0 0.0
1 45 a 1000 5 100000 1.8012292726013355 100000.0 135000.0 35000.0 130466456.2 100000.0 48335.7 1778.0 51664.3 48335.7 0.0 0.0
1 64 a 1000 5 100000 1.8871424565377497 100000.0 128000.0 28000.0 120817588.1 100000.0 34299.2 1438.0 65700.8 34299.2 0.0 0.0
1 1 b 1000 5 100000 16.341054274491345 100000.0 0.0 0.0 6119556.2 0.0 0.0 0.0 100000.0 0.0 0.0 0.0
1 2 b 1000 5 100000 5.390543159076458 100000.0 124500.0 24500.0 41647009.1 100000.0 0.0 100000.0 100000.0 0.0 0.0 0.0
1 8 b 1000 5 100000 2.621176318956856 100000.0 980500.0 880500.0 412219503.2 100000.0 0.0 34606.9 100000.0 0.0 0.0 0.0
1 10 b 1000 5 100000 2.583003304332542 100000.0 1188200.0 1088200.0 498721777.8 100000.0 0.0 34724.8 100000.0 0.0 0.0 0.0
1 20 b 1000 5 100000 1.921771049509602 97813.9 2648853.9 2551040.0 1429237786.0 97813.9 0.0 30686.4 97813.9 0.0 0.0 0.0
1 32 b 1000 5 100000 1.4285001769332866 90754.0 3429596.7 3338842.7 2464368403.2 90754.0 0.0 47693.5 90754.0 0.0 0.0 0.0
1 45 b 1000 5 100000 1.1543568944021096 68652.9 4212223.3 4143570.4 3708451191.1 68652.9 0.0 29761.5 68652.9 0.0 0.0 0.0
1 64 b 1000 5 100000 1.1678416483897553 11204.9 5828931.8 5817726.9 5000795020.5 11204.9 0.0 3202.5 11204.9 0.0 0.0 0.0
1 1 c 1000 5 100000 17.61754425527117 0.0 1000.0 1000.0 56761.6 0.0 0.0 0.0 0.0 0.0 0.0 0.0
1 2 c 1000 5 100000 5.579547192318811 100000.0 130900.0 30900.0 41383286.5 100000.0 0.0 100000.0 100000.0 0.0 0.0 0.0
1 8 c 1000 5 100000 2.0191779838776633 100000.0 189800.0 89800.0 143523751.9 100000.0 0.0 36121.5 100000.0 0.0 0.0 0.0
1 10 c 1000 5 100000 1.9104316433208972 100000.0 267200.0 167200.0 192207871.6 100000.0 0.0 33034.9 100000.0 0.0 0.0 0.0
1 20 c 1000 5 100000 2.0203670510277725 100000.0 459100.0 359100.0 276731893.7 100000.0 0.0 23114.0 100000.0 0.0 0.0 0.0
1 32 c 1000 5 100000 1.5582223911870146 100000.0 593900.0 493900.0 445315125.7 100000.0 0.0 20388.7 100000.0 0.0 0.0 0.0
1 45 c 1000 5 100000 1.6306275886309087 100000.0 907300.0 807300.0 617737616.5 100000.0 0.0 16136.7 100000.0 0.0 0.0 0.0
1 64 c 1000 5 100000 1.5989294345949694 94198.6 3681329.8 3587368.9 2361285193.9 93960.9 0.0 12500.3 94198.6 0.0 0.0 0.0
1 1 d 1000 5 100000 16.361510854635338 100000.0 0.0 0.0 6111905.0 0.0 0.0 0.0 100000.0 0.0 0.0 0.0
1 2 d 1000 5 100000 6.19863202917232 100000.0 122100.0 22100.0 35830486.3 100000.0 0.0 100000.0 100000.0 0.0 0.0 0.0
1 8 d 1000 5 100000 2.4248081300319324 100000.0 333200.0 233200.0 178653310.6 100000.0 0.0 34577.6 100000.0 0.0 0.0 0.0
1 10 d 1000 5 100000 1.8917852486458613 100000.0 267000.0 167000.0 193996649.6 100000.0 0.0 32248.0 100000.0 0.0 0.0 0.0
1 20 d 1000 5 100000 2.0121133635975137 100000.0 661700.0 561700.0 378557199.5 100000.0 0.0 23946.5 100000.0 0.0 0.0 0.0
1 32 d 1000 5 100000 1.5835395507106287 100000.0 647400.0 547400.0 471980633.3 100000.0 0.0 17283.0 100000.0 0.0 0.0 0.0
1 45 d 1000 5 100000 1.6939644841167296 100000.0 1118100.0 1018100.0 719082372.4 100000.0 0.0 18881.6 100000.0 0.0 0.0 0.0
1 64 d 1000 5 100000 1.7232730830104068 100000.0 2476500.0 2376500.0 1495119969.9 100000.0 0.0 13690.4 100000.0 0.0 0.0 0.0
