queue_type n_threads config batch_size time_limit total_values throughput enq_count deq_count failed_deq_count duration_ns freelist_pushes freelist_pops freelist_max_size malloc_count reused_count successful_CAS_ops failed_CAS_ops
4 1 a 1 1 100000 11.897302333496658 100000.0 100001.0 1.0 16810617.6 100000.0 99999.0 1.0 1.0 99999.0 1.0 0.0
4 2 a 1 1 100000 3.039832602956258 100000.0 100002.0 2.0 65793754.5 100000.0 99998.0 2.0 2.0 99998.0 2.0 0.0
4 8 a 1 1 100000 1.1348642234548338 100000.0 100008.0 8.0 176239585.2 100000.0 99992.0 8.0 8.0 99992.0 8.0 0.0
4 10 a 1 1 100000 1.1714766915278394 100000.0 100010.0 10.0 170733230.5 100000.0 99990.0 10.0 10.0 99990.0 10.0 0.0
4 20 a 1 1 100000 1.0872733918367266 100000.0 100020.0 20.0 183964770.5 100000.0 99980.0 20.0 20.0 99980.0 20.0 0.0
4 32 a 1 1 100000 0.9901323445782406 100000.0 100032.0 32.0 202025518.2 100000.0 99968.0 32.0 32.0 99968.0 32.0 0.0
4 45 a 1 1 100000 1.0271334951065465 100000.0 100045.0 45.0 194760467.8 100000.0 99955.0 45.0 45.0 99955.0 45.0 0.0
4 64 a 1 1 100000 0.9700439420344168 100000.0 100064.0 64.0 206242203.4 100000.0 99936.0 64.0 64.0 99936.0 64.0 0.0
4 1 b 1 1 100000 8.879812142246243 100000.0 0.0 0.0 11261499.5 0.0 0.0 0.0 100000.0 0.0 0.0 0.0
4 2 b 1 1 100000 3.526157887083904 100000.0 109150.5 9150.5 59313991.8 100000.0 96994.0 3006.0 3006.0 96994.0 3006.0 0.0
4 8 b 1 1 100000 1.0691454179809246 100000.0 127474.4 27474.4 212762825.5 100000.0 85800.8 14199.2 14199.2 85800.8 14199.2 0.0
4 10 b 1 1 100000 1.012437943520983 100000.0 102113.6 2113.6 199630605.8 100000.0 88618.3 11381.7 11381.7 88618.3 11381.7 0.0
4 20 b 1 1 100000 0.9256210122034036 100000.0 102409.7 2409.7 218674487.0 100000.0 84463.4 15536.6 15536.6 84463.4 15536.6 0.0
4 32 b 1 1 100000 0.9467302099064072 100000.0 102368.0 2368.0 213754666.2 100000.0 78212.0 21788.0 21788.0 78212.0 21788.0 0.0
4 45 b 1 1 100000 0.6962738228475795 100000.0 101025.4 1025.4 288716010.0 100000.0 54621.4 45378.6 45378.6 54621.4 45378.6 0.0
4 64 b 1 1 100000 0.632534021185596 100000.0 101338.9 1338.9 318305250.4 100000.0 55879.1 44120.9 44120.9 55879.1 44120.9 0.0
4 1 c 1 1 100000 7.604037052398729 0.0 11.0 11.0 1446.6 0.0 0.0 0.0 0.0 0.0 0.0 0.0
4 2 c 1 1 100000 2.992763773226557 100000.0 100467.2 467.2 66983970.4 100000.0 99772.1 227.9 227.9 99772.1 227.9 0.0
4 8 c 1 1 100000 1.2380531338280607 100000.0 100406.5 406.5 161872293.3 100000.0 85300.2 14699.8 14699.8 85300.2 14699.8 0.0
4 10 c 1 1 100000 1.038416256132456 100000.0 100787.4 787.4 193359261.1 100000.0 91896.8 8103.2 8103.2 91896.8 8103.2 0.0
4 20 c 1 1 100000 0.8180461412750676 100000.0 100371.5 371.5 244939117.6 100000.0 81953.5 18046.5 18046.5 81953.5 18046.5 0.0
4 32 c 1 1 100000 0.7715818645986026 100000.0 100188.0 188.0 259451406.5 100000.0 84016.9 15983.1 15983.1 84016.9 15983.1 0.0
4 45 c 1 1 100000 0.7412059727606912 100000.0 103025.5 3025.5 273912390.7 100000.0 76108.5 23891.5 23891.5 76108.5 23891.5 0.0
4 64 c 1 1 100000 0.7175660222703888 100000.0 101077.7 1077.7 280221880.3 100000.0 71253.8 28746.2 28746.2 71253.8 28746.2 0.0
4 1 d 1 1 100000 8.879976392049963 100000.0 0.0 0.0 11261291.2 0.0 0.0 0.0 100000.0 0.0 0.0 0.0
4 2 d 1 1 100000 4.277071987285653 100000.0 101201.1 1201.1 47041784.8 100000.0 99744.5 255.5 255.5 99744.5 255.5 0.0
4 8 d 1 1 100000 1.1907429669506393 100000.0 102743.1 2743.1 170266048.7 100000.0 87251.9 12748.1 12748.1 87251.9 12748.1 0.0
4 10 d 1 1 100000 0.9861669493042644 100000.0 101520.1 1520.1 204346840.2 100000.0 84572.1 15427.9 15427.9 84572.1 15427.9 0.0
4 20 d 1 1 100000 0.771750028332847 100000.0 100969.2 969.2 260407117.1 100000.0 81842.8 18157.2 18157.2 81842.8 18157.2 0.0
4 32 d 1 1 100000 0.7305723371959498 100000.0 101298.8 1298.8 275535754.3 100000.0 86101.3 13898.7 13898.7 86101.3 13898.7 0.0
4 45 d 1 1 100000 0.722062453911929 100000.0 105877.0 5877.0 285123535.9 100000.0 75822.8 24177.2 24177.2 75822.8 24177.2 0.0
4 64 d 1 1 100000 0.6715154643250274 100000.0 101125.1 1125.1 299509260.3 100000.0 76779.8 23220.2 23220.2 76779.8 23220.2 0.0
4 1 a 1 5 100000 11.62394066472916 100000.0 100001.0 1.0 17205955.0 100000.0 99999.0 1.0 1.0 99999.0 1.0 0.0
4 2 a 1 5 100000 2.364721914061313 100000.0 100002.0 2.0 84577386.8 100000.0 99998.0 2.0 2.0 99998.0 2.0 0.0
4 8 a 1 5 100000 1.42599357263242 100000.0 100008.0 8.0 140258696.7 100000.0 99992.0 8.0 8.0 99992.0 8.0 0.0
4 10 a 1 5 100000 1.2320991899466207 100000.0 100010.0 10.0 162332709.6 100000.0 99990.0 10.0 10.0 99990.0 10.0 0.0
4 20 a 1 5 100000 1.131275077288027 100000.0 100020.0 20.0 176809340.2 100000.0 99980.0 20.0 20.0 99980.0 20.0 0.0
4 32 a 1 5 100000 1.017436700387431 100000.0 100032.0 32.0 196603877.1 100000.0 99968.0 32.0 32.0 99968.0 32.0 0.0
4 45 a 1 5 100000 0.9813052117793067 100000.0 100045.0 45.0 203856045.6 100000.0 99955.0 45.0 45.0 99955.0 45.0 0.0
4 64 a 1 5 100000 0.991277996788695 100000.0 100064.0 64.0 201824312.3 100000.0 99936.8 63.2 63.2 99936.8 63.2 0.0
4 1 b 1 5 100000 8.801468014453066 100000.0 0.0 0.0 11361741.0 0.0 0.0 0.0 100000.0 0.0 0.0 0.0
4 2 b 1 5 100000 2.999439740477893 100000.0 100718.4 718.4 66918630.6 100000.0 97927.2 2072.8 2072.8 97927.2 2072.8 0.0
4 8 b 1 5 100000 1.0652052334125235 100000.0 126136.9 26136.9 212294206.7 100000.0 89453.4 10546.6 10546.6 89453.4 10546.6 0.0
4 10 b 1 5 100000 0.9897892174590117 100000.0 119792.8 19792.8 222060208.5 100000.0 90571.4 9428.6 9428.6 90571.4 9428.6 0.0
4 20 b 1 5 100000 0.9727711836669547 100000.0 101751.6 1751.6 207398824.5 100000.0 87594.0 12406.0 12406.0 87594.0 12406.0 0.0
4 32 b 1 5 100000 0.9588638145518849 100000.0 101352.3 1352.3 209990508.5 100000.0 85601.6 14398.4 14398.4 85601.6 14398.4 0.0
4 45 b 1 5 100000 0.8116044178464866 100000.0 101867.7 1867.7 248726714.1 100000.0 86539.0 13461.0 13461.0 86539.0 13461.0 0.0
4 64 b 1 5 100000 0.7094338133591305 100000.0 101605.2 1605.2 284177602.2 100000.0 72424.4 27575.6 27575.6 72424.4 27575.6 0.0
4 1 c 1 5 100000 7.2963650835765455 0.0 11.0 11.0 1507.6 0.0 0.0 0.0 0.0 0.0 0.0 0.0
4 2 c 1 5 100000 4.2502753080440545 100000.0 103351.9 3351.9 47844406.6 100000.0 99464.4 535.6 535.6 99464.4 535.6 0.0
4 8 c 1 5 100000 1.131517335750973 100000.0 101436.0 1436.0 178022902.2 100000.0 91833.4 8166.6 8166.6 91833.4 8166.6 0.0
4 10 c 1 5 100000 0.9969009248256555 100000.0 100728.0 728.0 201352005.0 100000.0 84896.1 15103.9 15103.9 84896.1 15103.9 0.0
4 20 c 1 5 100000 0.832878765092308 100000.0 103032.2 3032.2 243771613.0 100000.0 82296.4 17703.6 17703.6 82296.4 17703.6 0.0
4 32 c 1 5 100000 0.7486579336941577 100000.0 104152.0 4152.0 272690625.2 100000.0 83526.3 16473.7 16473.7 83526.3 16473.7 0.0
4 45 c 1 5 100000 0.7579503503969294 100000.0 101071.8 1071.8 265283603.2 100000.0 77703.8 22296.2 22296.2 77703.8 22296.2 0.0
4 64 c 1 5 100000 0.7260674234652142 100000.0 101310.6 1310.6 277261578.6 100000.0 71571.2 28428.8 28428.8 71571.2 28428.8 0.0
4 1 d 1 5 100000 8.7618661295853 100000.0 0.0 0.0 11413093.8 0.0 0.0 0.0 100000.0 0.0 0.0 0.0
4 2 d 1 5 100000 2.9044717666933737 100000.0 100091.9 91.9 68890977.8 100000.0 99707.3 292.7 292.7 99707.3 292.7 0.0
4 8 d 1 5 100000 1.1722625713768013 100000.0 100692.2 692.2 171200723.2 100000.0 90607.0 9393.0 9393.0 90607.0 9393.0 0.0
4 10 d 1 5 100000 0.9708960652739534 100000.0 102525.0 2525.0 208595963.3 100000.0 92270.3 7729.7 7729.7 92270.3 7729.7 0.0
4 20 d 1 5 100000 0.8443358863500482 100000.0 102335.1 2335.1 239638162.1 100000.0 86044.4 13955.6 13955.6 86044.4 13955.6 0.0
4 32 d 1 5 100000 0.7206126455182603 100000.0 105234.1 5234.1 284805021.5 100000.0 84115.7 15884.3 15884.3 84115.7 15884.3 0.0
4 45 d 1 5 100000 0.7336134120991852 100000.0 103832.5 3832.5 277847292.1 100000.0 78635.0 21365.0 21365.0 78635.0 21365.0 0.0
4 64 d 1 5 100000 0.6717062481167067 100000.0 106256.9 6256.9 307064137.9 100000.0 77017.1 22982.9 22982.9 77017.1 22982.9 0.0
4 1 a 1000 1 100000 17.245783804829347 100000.0 101000.0 1000.0 11655022.6 100000.0 99000.0 1000.0 1000.0 99000.0 1000.0 0.0
4 2 a 1000 1 100000 4.978631896749347 100000.0 102000.0 2000.0 40573395.3 100000.0 98010.9 1989.1 1989.1 98010.9 1989.1 0.0
4 8 a 1000 1 100000 1.7715793558573243 100000.0 104000.0 4000.0 115151488.6 100000.0 94574.8 5425.2 5425.2 94574.8 5425.2 0.0
4 10 a 1000 1 100000 1.4881612003764488 100000.0 110000.0 10000.0 141113744.9 100000.0 92765.2 7234.8 7234.8 92765.2 7234.8 0.0
4 20 a 1000 1 100000 1.501193864338725 100000.0 120000.0 20000.0 146550026.1 100000.0 90059.1 9940.9 9940.9 90059.1 9940.9 0.0
4 32 a 1000 1 100000 1.27035427222064 100000.0 128000.0 28000.0 179477493.0 100000.0 85980.9 14019.1 14019.1 85980.9 14019.1 0.0
4 45 a 1000 1 100000 1.1752402814012533 100000.0 135000.0 35000.0 199959109.4 100000.0 84528.8 15471.2 15471.2 84528.8 15471.2 0.0
4 64 a 1000 1 100000 0.9904158203872986 100000.0 128000.0 28000.0 230206338.9 100000.0 78595.2 21404.8 21404.8 78595.2 21404.8 0.0
4 1 b 1000 1 100000 19.16171960567557 100000.0 0.0 0.0 5218738.3 0.0 0.0 0.0 100000.0 0.0 0.0 0.0
4 2 b 1000 1 100000 3.5462418227578483 100000.0 152500.0 52500.0 71202138.1 100000.0 99934.2 65.8 65.8 99934.2 65.8 0.0
4 8 b 1000 1 100000 1.0608735994173502 100000.0 105300.0 5300.0 193519755.9 100000.0 76605.3 23394.7 23394.7 76605.3 23394.7 0.0
4 10 b 1000 1 100000 1.1793350359937393 100000.0 105100.0 5100.0 173911563.5 100000.0 78921.0 21079.0 21079.0 78921.0 21079.0 0.0
4 20 b 1000 1 100000 0.9079509166058466 100000.0 112500.0 12500.0 234043488.6 100000.0 77477.0 22523.0 22523.0 77477.0 22523.0 0.0
4 32 b 1000 1 100000 0.87728678337427 100000.0 122200.0 22200.0 253280915.9 100000.0 75657.1 24342.9 24342.9 75657.1 24342.9 0.0
4 45 b 1000 1 100000 0.8636554149890179 100000.0 134000.0 34000.0 270941391.6 100000.0 71844.6 28155.4 28155.4 71844.6 28155.4 0.0
4 64 b 1000 1 100000 0.8151261264532176 100000.0 147900.0 47900.0 304124713.9 100000.0 58824.7 41175.3 41175.3 58824.7 41175.3 0.0
4 1 c 1000 1 100000 19.632248717032546 0.0 1000.0 1000.0 50936.6 0.0 0.0 0.0 0.0 0.0 0.0 0.0
4 2 c 1000 1 100000 6.94765780801334 100000.0 101500.0 1500.0 29002579.8 100000.0 90218.5 9781.5 9781.5 90218.5 9781.5 0.0
4 8 c 1000 1 100000 1.3049078366552873 100000.0 103200.0 3200.0 155719809.7 100000.0 82330.7 17669.3 17669.3 82330.7 17669.3 0.0
4 10 c 1000 1 100000 1.1412046194600298 100000.0 103000.0 3000.0 177882210.2 100000.0 83565.5 16434.5 16434.5 83565.5 16434.5 0.0
4 20 c 1000 1 100000 0.9510791871399769 100000.0 104900.0 4900.0 215439474.2 100000.0 81215.1 18784.9 18784.9 81215.1 18784.9 0.0
4 32 c 1000 1 100000 0.9175692291172125 100000.0 108000.0 8000.0 226685892.9 100000.0 72761.6 27238.4 27238.4 72761.6 27238.4 0.0
4 45 c 1000 1 100000 0.7973295027100316 100000.0 116100.0 16100.0 271029730.2 100000.0 75675.7 24324.3 24324.3 75675.7 24324.3 0.0
4 64 c 1000 1 100000 0.8028842354063905 100000.0 119600.0 19600.0 273513901.9 100000.0 64813.1 35186.9 35186.9 64813.1 35186.9 0.0
4 1 d 1000 1 100000 19.29885894531543 100000.0 0.0 0.0 5181653.5 0.0 0.0 0.0 100000.0 0.0 0.0 0.0
4 2 d 1000 1 100000 3.578354408641906 100000.0 134300.0 34300.0 65477024.7 100000.0 99349.3 650.7 650.7 99349.3 650.7 0.0
4 8 d 1000 1 100000 1.1260846724103148 100000.0 103400.0 3400.0 180625849.0 100000.0 91342.8 8657.2 8657.2 91342.8 8657.2 0.0
4 10 d 1000 1 100000 1.0994365823405967 100000.0 103800.0 3800.0 185367672.2 100000.0 75704.9 24295.1 24295.1 75704.9 24295.1 0.0
4 20 d 1000 1 100000 0.9006740244147545 100000.0 106800.0 6800.0 229605822.3 100000.0 80582.9 19417.1 19417.1 80582.9 19417.1 0.0
4 32 d 1000 1 100000 0.75222945630968 100000.0 108500.0 8500.0 277176064.1 100000.0 82484.3 17515.7 17515.7 82484.3 17515.7 0.0
4 45 d 1000 1 100000 0.8924328982394881 100000.0 113900.0 13900.0 239681885.8 100000.0 70323.3 29676.7 29676.7 70323.3 29676.7 0.0
4 64 d 1000 1 100000 0.7795742401882848 100000.0 126700.0 26700.0 290799757.5 100000.0 67984.6 32015.4 32015.4 67984.6 32015.4 0.0
4 1 a 1000 5 100000 17.35633188346078 100000.0 101000.0 1000.0 11580788.0 100000.0 99000.0 1000.0 1000.0 99000.0 1000.0 0.0
4 2 a 1000 5 100000 5.26332237698955 100000.0 102000.0 2000.0 38378800.6 100000.0 98046.2 1953.8 1953.8 98046.2 1953.8 0.0
4 8 a 1000 5 100000 1.6380258173681381 100000.0 104000.0 4000.0 124540161.6 100000.0 94457.2 5542.8 5542.8 94457.2 5542.8 0.0
4 10 a 1000 5 100000 1.7078104554459188 100000.0 110000.0 10000.0 122964465.6 100000.0 93121.3 6878.7 6878.7 93121.3 6878.7 0.0
4 20 a 1000 5 100000 1.221190274377153 100000.0 120000.0 20000.0 180152106.2 100000.0 87550.0 12450.0 12450.0 87550.0 12450.0 0.0
4 32 a 1000 5 100000 1.0985908444141548 100000.0 128000.0 28000.0 207538594.7 100000.0 82475.4 17524.6 17524.6 82475.4 17524.6 0.0
4 45 a 1000 5 100000 1.0440361441812263 100000.0 135000.0 35000.0 225087992.7 100000.0 79146.3 20853.7 20853.7 79146.3 20853.7 0.0
4 64 a 1000 5 100000 0.9769341334904926 100000.0 128000.0 28000.0 233383185.4 100000.0 77780.6 22219.4 22219.4 77780.6 22219.4 0.0
4 1 b 1000 5 100000 19.013808150713785 100000.0 0.0 0.0 5259335.7 0.0 0.0 0.0 100000.0 0.0 0.0 0.0
4 2 b 1000 5 100000 4.632066421729745 100000.0 115000.0 15000.0 46415569.3 100000.0 98914.8 1085.2 1085.2 98914.8 1085.2 0.0
4 8 b 1000 5 100000 1.1342520510139174 100000.0 103600.0 3600.0 179501548.9 100000.0 83351.9 16648.1 16648.1 83351.9 16648.1 0.0
4 10 b 1000 5 100000 1.0307912393136964 100000.0 105200.0 5200.0 199070376.4 100000.0 82788.1 17211.9 17211.9 82788.1 17211.9 0.0
4 20 b 1000 5 100000 0.9477122000601821 100000.0 112400.0 12400.0 224118672.3 100000.0 75975.6 24024.4 24024.4 75975.6 24024.4 0.0
4 32 b 1000 5 100000 0.8562348734302783 100000.0 123000.0 23000.0 260442557.2 100000.0 63066.4 36933.6 36933.6 63066.4 36933.6 0.0
4 45 b 1000 5 100000 0.813797715631156 100000.0 134100.0 34100.0 287663623.9 100000.0 66200.6 33799.4 33799.4 66200.6 33799.4 0.0
4 64 b 1000 5 100000 0.8047624337742213 100000.0 148000.0 48000.0 308165477.9 100000.0 57690.6 42309.4 42309.4 57690.6 42309.4 0.0
4 1 c 1000 5 100000 19.065195341991473 0.0 1000.0 1000.0 52451.6 0.0 0.0 0.0 0.0 0.0 0.0 0.0
4 2 c 1000 5 100000 4.58399526809349 100000.0 145800.0 45800.0 53621346.8 100000.0 99123.1 876.9 876.9 99123.1 876.9 0.0
4 8 c 1000 5 100000 1.2506140451627787 100000.0 102400.0 2400.0 161840498.1 100000.0 89671.3 10328.7 10328.7 89671.3 10328.7 0.0
4 10 c 1000 5 100000 1.3160903689947487 100000.0 102800.0 2800.0 154092762.0 100000.0 84615.5 15384.5 15384.5 84615.5 15384.5 0.0
4 20 c 1000 5 100000 0.922656930000874 100000.0 105900.0 5900.0 223159869.4 100000.0 78980.0 21020.0 21020.0 78980.0 21020.0 0.0
4 32 c 1000 5 100000 0.8496442572738198 100000.0 108300.0 8300.0 245161428.7 100000.0 73019.1 26980.9 26980.9 73019.1 26980.9 0.0
4 45 c 1000 5 100000 0.8335324887107892 100000.0 113500.0 13500.0 256138786.3 100000.0 74218.9 25781.1 25781.1 74218.9 25781.1 0.0
4 64 c 1000 5 100000 0.7885593503983417 100000.0 120000.0 20000.0 278989780.4 100000.0 67920.8 32079.2 32079.2 67920.8 32079.2 0.0
4 1 d 1000 5 100000 18.955977188301226 100000.0 0.0 0.0 5275380.9 0.0 0.0 0.0 100000.0 0.0 0.0 0.0
4 2 d 1000 5 100000 3.381663493421778 100000.0 116200.0 16200.0 63933031.9 100000.0 99145.2 854.8 854.8 99145.2 854.8 0.0
4 8 d 1000 5 100000 1.4035328536707508 100000.0 105300.0 5300.0 146273740.2 100000.0 86305.4 13694.6 13694.6 86305.4 13694.6 0.0
4 10 d 1000 5 100000 1.3111310925628334 100000.0 103500.0 3500.0 155209499.0 100000.0 82071.0 17929.0 17929.0 82071.0 17929.0 0.0
4 20 d 1000 5 100000 0.937318792912711 100000.0 105700.0 5700.0 219455751.4 100000.0 82221.0 17779.0 17779.0 82221.0 17779.0 0.0
4 32 d 1000 5 100000 0.8155335858489245 100000.0 109500.0 9500.0 256887029.1 100000.0 79848.9 20151.1 20151.1 79848.9 20151.1 0.0
4 45 d 1000 5 100000 0.7671605624627382 100000.0 112900.0 12900.0 277516872.5 100000.0 77625.8 22374.2 22374.2 77625.8 22374.2 0.0
4 64 d 1000 5 100000 0.7644668260775972 100000.0 121700.0 21700.0 290006044.0 100000.0 69199.8 30800.2 30800.2 69199.8 30800.2 0.0
